#Species name here:
GOA_SABLE
#SSL Species?
0
#Constant buffer of Dorn?
0
#Number of fisheries?
2
#Number of sexes?
2
#5year_Average_F(endyr-4,endyr_as_estimated_by_ADmodel)
0.0599708
#_Author_F_as_fraction_F_40%
1
#ABC SPR
0.4
#MSY SPR
0.35
#_Spawn_month
1
#_Number_of_ages
30
#_F_ratio(must_sum_to_one_only_one_fishery)
0.787787 0.212213
#_Natural_Mortality 2 3 4 5 6 7 8 9 10 11 12 13 14 15 16 17 18 19 20 21 22 23 24 25 26 27 28 29 30 31
 0.104965 0.104965 0.104965 0.104965 0.104965 0.104965 0.104965 0.104965 0.104965 0.104965 0.104965 0.104965 0.104965 0.104965 0.104965 0.104965 0.104965 0.104965 0.104965 0.104965 0.104965 0.104965 0.104965 0.104965 0.104965 0.104965 0.104965 0.104965 0.104965 0.104965
#_Natural_Mortality 2 3 4 5 6 7 8 9 10 11 12 13 14 15 16 17 18 19 20 21 22 23 24 25 26 27 28 29 30 31
 0.104965 0.104965 0.104965 0.104965 0.104965 0.104965 0.104965 0.104965 0.104965 0.104965 0.104965 0.104965 0.104965 0.104965 0.104965 0.104965 0.104965 0.104965 0.104965 0.104965 0.104965 0.104965 0.104965 0.104965 0.104965 0.104965 0.104965 0.104965 0.104965 0.104965
#_Maturity_divided_by_2(projection_program_uses_to_get_female_spawning_biomass_if_divide_by_2 2 3 4 5 6 7 8 9 10 11 12 13 14 15 16 17 18 19 20 21 22 23 24 25 26 27 28 29 30 31
 0.0223754 0.0460186 0.0922865 0.176468 0.311118 0.48767 0.667353 0.808734 0.89911 0.949451 0.975362 0.988157 0.994346 0.997309 0.998721 0.999393 0.999712 0.999863 0.999935 0.999969 0.999985 0.999993 0.999997 0.999998 0.999999 1 1 1 1 1
#_Wt_at_age_spawners 2 3 4 5 6 7 8 9 10 11 12 13 14 15 16 17 18 19 20 21 22 23 24 25 26 27 28 29 30 31
 1.1289 1.5716 2.0231 2.4639 2.8806 3.2653 3.614 3.9258 4.2014 4.4427 4.6527 4.8342 4.9903 5.1242 5.2385 5.336 5.4188 5.4891 5.5486 5.599 5.6416 5.6775 5.7079 5.7335 5.755 5.7732 5.7885 5.8014 5.8122 5.8455
#_Wt_at_age_fishery1 female 2 3 4 5 6 7 8 9 10 11 12 13 14 15 16 17 18 19 20 21 22 23 24 25 26 27 28 29 30 31
 1.1289 1.5716 2.0231 2.4639 2.8806 3.2653 3.614 3.9258 4.2014 4.4427 4.6527 4.8342 4.9903 5.1242 5.2385 5.336 5.4188 5.4891 5.5486 5.599 5.6416 5.6775 5.7079 5.7335 5.755 5.7732 5.7885 5.8014 5.8122 5.8455
#_Wt_at_age_fishery2 female 2 3 4 5 6 7 8 9 10 11 12 13 14 15 16 17 18 19 20 21 22 23 24 25 26 27 28 29 30 31
 1.1289 1.5716 2.0231 2.4639 2.8806 3.2653 3.614 3.9258 4.2014 4.4427 4.6527 4.8342 4.9903 5.1242 5.2385 5.336 5.4188 5.4891 5.5486 5.599 5.6416 5.6775 5.7079 5.7335 5.755 5.7732 5.7885 5.8014 5.8122 5.8455
#_Wt_at_age_spawners1 male 2 3 4 5 6 7 8 9 10 11 12 13 14 15 16 17 18 19 20 21 22 23 24 25 26 27 28 29 30 31
 1.0695 1.4409 1.7768 2.0663 2.3077 2.5044 2.6622 2.7872 2.8854 2.962 3.0214 3.0674 3.1029 3.1302 3.1511 3.1672 3.1796 3.189 3.1963 3.2018 3.2061 3.2093 3.2118 3.2137 3.2152 3.2163 3.2171 3.2178 3.2183 3.2193
#_Wt_at_age_fishery2 male 2 3 4 5 6 7 8 9 10 11 12 13 14 15 16 17 18 19 20 21 22 23 24 25 26 27 28 29 30 31
 1.0695 1.4409 1.7768 2.0663 2.3077 2.5044 2.6622 2.7872 2.8854 2.962 3.0214 3.0674 3.1029 3.1302 3.1511 3.1672 3.1796 3.189 3.1963 3.2018 3.2061 3.2093 3.2118 3.2137 3.2152 3.2163 3.2171 3.2178 3.2183 3.2193
#_Selectivity_fishery_scaled_to_max_at_one 2 3 4 5 6 7 8 9 10 11 12 13 14 15 16 17 18 19 20 21 22 23 24 25 26 27 28 29 30 31
 0.104961 0.583493 0.943616 0.995023 0.999581 0.999965 0.999997 1 1 1 1 1 1 1 1 1 1 1 1 1 1 1 1 1 1 1 1 1 1 1
 0.484016 0.716578 0.857831 0.941379 0.984982 1 0.994344 0.973778 0.942612 0.90411 0.860769 0.814498 0.766759 0.718661 0.67104 0.624518 0.579543 0.536432 0.495396 0.456563 0.419997 0.385712 0.353685 0.323865 0.296178 0.270539 0.246849 0.225005 0.204901 0.186429
#_Selectivity_fishery_scaled_to_max_at_one 2 3 4 5 6 7 8 9 10 11 12 13 14 15 16 17 18 19 20 21 22 23 24 25 26 27 28 29 30 31
 0.204302 0.293107 0.401058 0.519546 0.635875 0.73823 0.81996 0.88031 0.922347 0.950451 0.968729 0.980404 0.987776 0.992396 0.995279 0.997073 0.998187 0.998878 0.999306 0.999572 0.999736 0.999838 0.999901 0.99994 0.999964 0.999979 0.999988 0.999994 0.999998 1
 0.213522 0.426352 0.604314 0.744428 0.849169 0.92267 0.969449 0.993885 1 0.991373 0.971124 0.941931 0.906063 0.86542 0.82158 0.775832 0.729224 0.682592 0.636593 0.591736 0.548402 0.506868 0.467328 0.429901 0.394655 0.361608 0.330744 0.30202 0.275372 0.250719
#_Numbers_at_age_end_year 2 3 4 5 6 7 8 9 10 11 12 13 14 15 16 17 18 19 20 21 22 23 24 25 26 27 28 29 30 31
 8.12968 40.364 17.0932 25.7156 25.7625 5.30636 9.71929 2.48109 1.07261 0.494189 1.31433 0.795571 1.65604 0.933124 0.498512 0.440207 0.266685 0.362389 0.249858 0.270753 0.770141 0.231271 0.192444 0.375987 0.0733469 0.151417 0.0685573 0.0369577 0.0247321 0.392619
 8.12968 40.321 17.3955 26.8229 27.4643 5.76825 10.7455 2.78641 1.19341 0.540877 1.43791 0.874376 1.82504 1.02652 0.54472 0.477045 0.287496 0.390209 0.26914 0.291961 0.833229 0.251118 0.209064 0.407555 0.0793327 0.163487 0.073753 0.039619 0.0268939 0.458798
#_N_recruitment_years
42
#_Recruitment_start_at_1977_yearclass=1979_for_age_2_recruits 1979 1980 1981 1982 1983 1984 1985 1986 1987 1988 1989 1990 1991 1992 1993 1994 1995 1996 1997 1998 1999 2000 2001 2002 2003 2004 2005 2006 2007 2008 2009 2010 2011 2012 2013 2014 2015 2016 2017 2018 2019 2020
 70.7698 48.732 17.466 51.5109 40.0064 31.3003 6.59333 20.9072 13.8019 4.2268 5.52915 10.9986 22.4035 5.37786 23.7162 5.53534 6.83868 10.6796 19.8357 8.0528 34.5393 14.7648 14.7707 40.8724 11.9625 9.22848 11.2148 6.9306 9.63647 9.19579 14.4512 21.4287 8.59711 11.9314 3.82407 7.24056 14.5584 48.416 22.3091 91.5907 77.7106 44.1667
#_Spawners per recruitment (starting at 1977)
 131.821 123.676 122.249 121.144 122.691 126.737 136.187 151.088 168.413 185.415 193.696 194.413 187.981 177.429 165.069 152.373 140.137 127.348 116.59 109.118 103.95 100.049 96.6156 93.5495 90.4969 90.141 91.4367 93.5425 96.1449 99.4349 102.395 103.204 102.169 99.792 96.7565 93.0045 89.3691 86.6927 85.5464 84.7571 84.3684
