#runname
GOA_ATF
#ssl_spp
0 
#Dorn_buffer
0 
#nfsh
1 
#nsex
2 
#avgF5yr
0.012 
#F40_mult
1.0 
#spr_abc
0.4 
#spr_msy
0.35 
#sp_mo                                   
1 
#nages
13 
#Frat
1 
#M
0.2 0.2 0.2 0.2 0.2 0.2 0.2 0.2 0.2 0.2 0.2 0.2 0.2 
0.35 0.35 0.35 0.35 0.35 0.35 0.35 0.35 0.35 0.35 0.35 0.35 0.35
#pmat
0.001   0.004   0.021   0.095   0.302   0.608   0.830   0.932   0.972   0.988   0.994   0.997   1.000
0.001   0.004   0.021   0.095   0.302   0.608   0.830   0.932   0.972   0.988   0.994   0.997   1.000
#wtage_sp
0.157 0.279 0.436 0.626 0.852 1.111 1.405 1.733 2.095 2.492 2.922 3.387 5.400
#wtage_fsh
0.157 0.279 0.436 0.626 0.852 1.111 1.405 1.733 2.095 2.492 2.922 3.387 5.400
0.149 0.240 0.347 0.469 0.605 0.755 0.917 1.091 1.277 1.474 1.682 1.901 2.790
#sel
0.041747 0.111812 0.247132 0.426653 0.633527 0.883957 1 0.96215 0.891179 0.817903 0.817903 0.817903 0.817903
0.0519488 0.1151 0.230717 0.378125 0.501061 0.58674 0.663429 0.75822 0.871819 0.966778 0.966778 0.966778 0.966778
#N
259764	230715	203880	286214	187606	136316	88814	59449	37060	26025	21037	18588	87619
259764	198551	150990	182484	103045	64590	36419	21145	11405	6897	4783	3619	9231
#nyrs
25
#R
440351	439947	277911	303405	442957	478848	546735	481990	438602	487506	412215	379976	443977	382260	349485	348867	399988	515137	617140	762127	847976	1050490	609893	563901	519528
#SSB
287916 330445 380547 430715 478963 524531 567546 616664 673636 727813 758101 789905 824031 859090 898809 939706 971505 978147 986746 996543 1.00704e+06 1.01653e+06 1.01098e+06 995821 996178 
