#Species name here:
Model_1_goa_re_2021.dat
#SSL Species?
0
#Constant buffer of Dorn?
0
#Number of fisheries?
1
#Number of sexes?
1
#5year_Average_F(endyr-4,endyr_as_estimated_by_ADmodel)
0.0259344
#_Author_F_as_fraction_F_40%
1
#ABC SPR
0.4
#MSY SPR
0.35
#_Spawn_month
6
#_Number_of_ages
50
#_F_ratio(must_sum_to_one_only_one_fishery)
1
#_Natural_Mortality 3 4 5 6 7 8 9 10 11 12 13 14 15 16 17 18 19 20 21 22 23 24 25 26 27 28 29 30 31 32 33 34 35 36 37 38 39 40 41 42 43 44 45 46 47 48 49 50 51 52
 0.0344113 0.0344113 0.0344113 0.0344113 0.0344113 0.0344113 0.0344113 0.0344113 0.0344113 0.0344113 0.0344113 0.0344113 0.0344113 0.0344113 0.0344113 0.0344113 0.0344113 0.0344113 0.0344113 0.0344113 0.0344113 0.0344113 0.0344113 0.0344113 0.0344113 0.0344113 0.0344113 0.0344113 0.0344113 0.0344113 0.0344113 0.0344113 0.0344113 0.0344113 0.0344113 0.0344113 0.0344113 0.0344113 0.0344113 0.0344113 0.0344113 0.0344113 0.0344113 0.0344113 0.0344113 0.0344113 0.0344113 0.0344113 0.0344113 0.0344113
#_Maturity_divided_by_2(projection_program_uses_to_get_female_spawning_biomass_if_divide_by_2 3 4 5 6 7 8 9 10 11 12 13 14 15 16 17 18 19 20 21 22 23 24 25 26 27 28 29 30 31 32 33 34 35 36 37 38 39 40 41 42 43 44 45 46 47 48 49 50 51 52
 0 0 0 0 0.001 0.002 0.004 0.01 0.023 0.045 0.083 0.139 0.215 0.306 0.404 0.501 0.588 0.663 0.724 0.773 0.812 0.843 0.917 0.917 0.917 0.917 0.917 0.917 0.917 0.917 0.917 0.917 0.917 0.917 0.917 0.917 0.917 0.917 0.917 0.917 0.917 0.917 0.917 0.917 0.917 0.917 0.917 0.917 0.917 0.917
#_Wt_at_age_spawners 3 4 5 6 7 8 9 10 11 12 13 14 15 16 17 18 19 20 21 22 23 24 25 26 27 28 29 30 31 32 33 34 35 36 37 38 39 40 41 42 43 44 45 46 47 48 49 50 51 52
 52.5771 98.9903 158.5 228.447 305.962 388.309 473.067 558.204 642.09 723.472 801.431 875.331 944.773 1009.55 1069.59 1124.95 1175.75 1222.2 1264.51 1302.95 1337.77 1369.25 1397.65 1423.22 1446.22 1466.87 1485.39 1501.99 1516.85 1530.15 1542.03 1552.64 1562.12 1570.57 1578.12 1584.84 1590.84 1596.18 1600.94 1605.18 1608.95 1612.31 1615.3 1617.96 1620.33 1622.43 1624.31 1625.98 1627.46 1634.05
#_Wt_at_age_fishery 3 4 5 6 7 8 9 10 11 12 13 14 15 16 17 18 19 20 21 22 23 24 25 26 27 28 29 30 31 32 33 34 35 36 37 38 39 40 41 42 43 44 45 46 47 48 49 50 51 52
 52.5771 98.9903 158.5 228.447 305.962 388.309 473.067 558.204 642.09 723.472 801.431 875.331 944.773 1009.55 1069.59 1124.95 1175.75 1222.2 1264.51 1302.95 1337.77 1369.25 1397.65 1423.22 1446.22 1466.87 1485.39 1501.99 1516.85 1530.15 1542.03 1552.64 1562.12 1570.57 1578.12 1584.84 1590.84 1596.18 1600.94 1605.18 1608.95 1612.31 1615.3 1617.96 1620.33 1622.43 1624.31 1625.98 1627.46 1634.05
#_Selectivity_fishery_scaled_to_max_at_one 3 4 5 6 7 8 9 10 11 12 13 14 15 16 17 18 19 20 21 22 23 24 25 26 27 28 29 30 31 32 33 34 35 36 37 38 39 40 41 42 43 44 45 46 47 48 49 50 51 52
 0.000434135 0.00118215 0.00319648 0.00839517 0.0204811 0.0439026 0.0773473 0.10089 0.102427 0.0966436 0.0966066 0.136629 0.30114 1 1 1 1 1 1 1 1 1 1 1 1 1 1 1 1 1 1 1 1 1 1 1 1 1 1 1 1 1 1 1 1 1 1 1 1 1
#_Numbers_at_age_end_year 3 4 5 6 7 8 9 10 11 12 13 14 15 16 17 18 19 20 21 22 23 24 25 26 27 28 29 30 31 32 33 34 35 36 37 38 39 40 41 42 43 44 45 46 47 48 49 50 51 52
 1.15932 1.07336 0.978431 0.884123 0.855798 0.75337 0.591492 0.604481 1.62152 0.99388 0.720528 0.529523 0.782514 0.596778 0.575915 0.565109 0.662931 0.697321 0.594542 0.357156 0.618924 0.458483 0.35877 0.518641 0.545367 0.309475 0.261745 0.260747 0.730177 0.206813 0.190633 0.1746 0.181629 0.204871 0.232266 0.24277 0.213279 0.355892 0.297101 0.152513 0.125854 0.139779 0.408123 0.140872 0.108961 0.103597 0.104283 0.0993635 0.106798 2.67109
#_N_recruitment_years
40
#_Recruitment_start_at_1977_yearclass=1979_for_age_2_recruits 1979 1980 1981 1982 1983 1984 1985 1986 1987 1988 1989 1990 1991 1992 1993 1994 1995 1996 1997 1998 1999 2000 2001 2002 2003 2004 2005 2006 2007 2008 2009 2010 2011 2012 2013 2014 2015 2016 2017 2018
 3.37946 1.08015 0.918025 1.0508 1.92369 2.16892 1.22502 1.31146 1.19126 0.994384 0.832159 0.761349 0.789904 0.816234 2.74713 0.933555 0.889491 0.999283 1.67917 1.51757 0.993738 1.19959 1.5283 0.827681 1.29927 1.43344 1.28566 1.02679 0.978015 0.957591 1.20472 0.785071 1.02953 1.36831 2.15018 0.772188 0.728538 0.895542 0.982396 0.980384
#_Spawners per recruitment (starting at 1977)
 15.5232 15.0971 15.0097 14.8759 14.4359 14.2427 14.1057 13.9422 13.7218 13.7619 13.6701 13.54 12.9762 12.2047 11.3756 11.3619 11.0652 10.9857 10.9024 10.7728 10.708 10.6469 10.5286 10.5405 10.4773 10.3319 10.3097 10.238 10.2225 10.217 10.1722 10.1084 10.0715 10.0823 10.0342 9.945 9.84595 9.7467 9.60296 9.5088 9.37013 9.28256
