Rougheye
0 # SSL Species???
0 # Constant buffer of Dorn
1 # Number of fsheries
1 # Number of sexes??
#0.0234138 #  average 5 yr f 
 0.013072 # 2016 F
#0.05412018 # Fofl
1 # author f
0.4 # ABC SPR
0.35 # MSY SPR
3 # Spawnmo
43 # Number of ages
1 # Fratio
 # Natural mortality 
 0.0333588 0.0333588 0.0333588 0.0333588 0.0333588 0.0333588 0.0333588 0.0333588 0.0333588 0.0333588 0.0333588 0.0333588 0.0333588 0.0333588 0.0333588 0.0333588 0.0333588 0.0333588 0.0333588 0.0333588 0.0333588 0.0333588 0.0333588 0.0333588 0.0333588 0.0333588 0.0333588 0.0333588 0.0333588 0.0333588 0.0333588 0.0333588 0.0333588 0.0333588 0.0333588 0.0333588 0.0333588 0.0333588 0.0333588 0.0333588 0.0333588 0.0333588 0.0333588
 # Maturity 
 0 0 0 0.001 0.001 0.003 0.008 0.015 0.03 0.053 0.09 0.141 0.209 0.29 0.378 0.467 0.551 0.625 0.689 0.742 0.785 0.82 0.847 0.87 0.888 0.902 0.914 0.924 0.932 0.939 0.944 0.949 0.953 0.956 0.959 0.962 0.964 0.966 0.968 0.969 0.97 0.971 0.9753
 # Wt Spawn 
 72 101 135 173 215 260 309 361 415 471 529 587 646 705 764 823 882 940 997 1052 1107 1160 1212 1262 1311 1359 1404 1448 1491 1532 1571 1608 1644 1679 1712 1744 1774 1803 1830 1856 1881 1905 2024.4
 # Wt Fish 
 72 101 135 173 215 260 309 361 415 471 529 587 646 705 764 823 882 940 997 1052 1107 1160 1212 1262 1311 1359 1404 1448 1491 1532 1571 1608 1644 1679 1712 1744 1774 1803 1830 1856 1881 1905 2024.4
 # selectivity 
 4.12069e-006 1.65878e-005 6.66582e-005 0.000267011 0.00106118 0.00412105 0.0149176 0.0448244 0.0959843 0.146002 0.183409 0.213994 0.243287 0.273635 0.305785 0.339858 0.375713 0.413079 0.4516 0.490865 0.530426 0.56982 0.608593 0.646318 0.682615 0.717164 0.749714 0.780086 0.80817 0.833924 0.857361 0.878541 0.897562 0.914547 0.929638 0.942985 0.954744 0.965067 0.974102 0.981988 0.988855 0.994823 1
 # natage 
 1.83711 1.77683 1.71854 4.14041 5.45584 4.45511 2.38355 4.95187 1.31882 4.08606 1.78692 8.42291 1.20239 3.13886 2.49925 5.55808 0.639774 0.84328 0.689914 0.426576 0.229641 0.183973 0.167041 0.136013 0.117458 0.135337 0.185819 0.176007 0.136038 0.155909 0.255365 0.348732 0.275384 0.170746 0.117246 0.111389 0.171871 0.204194 0.101808 0.073761 0.0465974 0.0535843 0.952588
 # Nrec 
24
 # rec 
 1.21987 0.718423 0.685693 0.905897 1.3305 1.53951 1.03444 0.582589 0.470803 0.565511 0.556232 0.379398 0.309826 0.338631 0.393587 0.411616 0.489387 0.867867 1.34211 1.57013 1.14116 9.50591 4.10224 4.94936 
 # ssb 
 5182.05 5364.92 4662.38 3820.98 3827.66 3832.72 4020.19 4264.47 4508.4 4772.63 5006.71 5195.41 5342.41 5227.94 4743.28 4779.2 4466.98 4236.55 4132.35 4117.45 3940.19 3746.47 3708.99 3723.8
