BSAI_pop
0 # SSL Species???
0 # Constant buffer of Dorn
1 # Number of fsheries
1 # Number of sexes??
#0.029425 #  average 5 yr f
0.0574722 # the 2016 F
# .100878
 1 # author f
0.4 # ABC SPR
0.35 # MSY SPR
4 # Spawnmo
38 # Number of ages
1 # Fratio
 # Natural mortality 
 0.0584954 0.0584954 0.0584954 0.0584954 0.0584954 0.0584954 0.0584954 0.0584954 0.0584954 0.0584954 0.0584954 0.0584954 0.0584954 0.0584954 0.0584954 0.0584954 0.0584954 0.0584954 0.0584954 0.0584954 0.0584954 0.0584954 0.0584954 0.0584954 0.0584954 0.0584954 0.0584954 0.0584954 0.0584954 0.0584954 0.0584954 0.0584954 0.0584954 0.0584954 0.0584954 0.0584954 0.0584954 0.0584954
 # Maturity 
 0.011765 0.0240383 0.0484869 0.0953715 0.17906 0.310944 0.482833 0.658883 0.799847 0.892098 0.944766 0.972519 0.986526 0.993442 0.996819 0.99846 0.999255 0.99964 0.999826 0.999916 0.999959 0.99998 0.99999 0.999995 0.999998 0.999999 0.999999 1 1 1 1 1 1 1 1 1 1 1
 # Wt Spawn 
 89 140 197 259 323 386 447 505 559 610 656 698 736 770 801 828 852 874 893 909 924 937 948 958 967 974 981 986 992 996 1000 1003 1006 1008 1011 1013 1014 1020
 # Wt Fish 
 89 140 197 259 323 386 447 505 559 610 656 698 736 770 801 828 852 874 893 909 924 937 948 958 967 974 981 986 992 996 1000 1003 1006 1008 1011 1013 1014 1020
 # selectivity 
 0.0399563 0.0572777 0.0818027 0.115864 0.161999 0.222554 0.298994 0.390966 0.495227 0.604796 0.709279 0.800359 0.873396 0.926447 0.960136 0.977142 0.98149 0.977882 0.971202 0.966122 0.964383 0.964919 0.966583 0.968246 0.96878 0.967064 0.961996 0.952524 0.937692 0.917236 0.892059 0.863198 0.83166 0.798385 0.76423 0.729954 0.696209 0.663545
 # natage 
 94.9493 89.3339 83.9799 38.3652 37.1335 102.122 45.8372 41.8115 88.2611 96.0295 23.0739 57.6651 21.8197 143.571 22.6142 63.2396 14.1981 55.4253 23.0771 27.1083 7.93186 8.62562 5.00126 9.48992 14.8112 25.0204 7.04519 14.1932 5.07765 25.8754 4.34683 5.32177 8.62232 5.48871 3.65286 2.0499 2.67357 24.3511
 # Nrec 
34
 # rec 
 55.8073 40.5989 67.9863 95.3572 138.426 78.2827 58.2887 315.248 56.1455 142.581 64.4205 208.307 112.821 66.1687 31.9247 50.4097 42.3883 132.189 102.451 223.462 51.8577 208.919 67.5189 387.507 53.321 127.975 46.6972 178.087 150.752 66.1109 67.3963 140.127 47.6767 46.194
 # ssb 
 116033 110276 106198 103135 101289 100247 100882 102464 105161 109328 114775 121516 129852 138411 145982 157974 169576 181230 194101 206095 215875 225248 233016 237412 241135 244435 248170 253395 262357 273625 285167 296483 309251 321869
