
#Species name here:
North_Sea_Herring
#SSL Species?
0
#Constant buffer of Dorn?
0
#Number of fisheries?
1
#Number of sexes?
1
#5year_Average_F(endyr-4,endyr_as_estimated_by_ADmodel)
0.183219
#_Author_F_as_fraction_F_40%
1
#ABC SPR
0.4
#MSY SPR
0.35
#_Spawn_month
5
#_Number_of_ages
11
#_F_ratio(must_sum_to_one_only_one_fishery)
1
#_Natural_Mortality 1 2 3 4 5 6 7 8 9 10 11
0.3 0.3 0.3 0.3 0.3 0.3 0.3 0.3 0.3 0.3 0.3 
#_Maturity_divided_by_2(projection_program_uses_to_get_female_spawning_biomass_if_divide_by_2 1 2 3 4 5 6 7 8 9 10 11
 0.005 0.037 0.224 0.688 0.944 0.992 0.999 1 1 1 1
#_Wt_at_age_spawners 1 2 3 4 5 6 7 8 9 10 11
 44.8 138.998 356.318 576.592 648.594 742.358 806.996 813.686 852.872 1016.15 1027.18
#_Wt_at_age_fishery 1 2 3 4 5 6 7 8 9 10 11
 69.3778 258.935 405.994 529.962 626.859 678.768 711.498 730.929 807.415 971.188 1004.79
#
#_Selectivity_fishery_scaled_to_max_at_one 1 2 3 4 5 6 7 8 9 10 11
 0.00127719 0.0185167 0.19906 0.51118 0.670396 0.803101 0.995536 1 0.923471 0.838378 0.838378
#_Numbers_at_age_end_year 1 2 3 4 5 6 7 8 9 10 11
# 321.603 234.824 377.612 175.564 132.076 49.0294 15.8067 44.3282 23.6183 20.6262 10.1136
321603	234824	377612	175564	132076	49029.4	15806.7	44328.2	23618.3	20626.2	10113.6
#_N_recruitment_years (not including last estimate)
31
#_Recruitment_start_at_1977_yearclass=1978_for_age_1_recruits 1978 1979 1980 1981 1982 1983 1984 1985 1986 1987 1988 1989 1990 1991 1992 1993 1994 1995 1996 1997 1998 1999 2000 2001 2002 2003 2004 2005 2006 2007 2008
 1244.78 307.782 195.501 218.38 151.959 211.328 284.256 423.208 372.795 554.124 327.995 1297.46 565.592 267.981 460.369 860.626 280.44 294.007 780.099 134.388 257.951 608.735 1216.32 804.174 861.487 174.951 323.923 538.926 460.004 692.011 317.097
#_Spawning biomass 
80517.2	74652	76050.7	83929	100129	146322	153997	143285	123983	99255.7	84223.6	84330.3	92326.6	104550	122923	142770	185422	188828	164292	143663	129562	109268	99371.4	105734	92881.6	84638.3	106113	150827	176263	180854	149977	126405	119354
