#Species name here:
Model_1_goa_dr_2020.dat
#SSL Species?
0
#Constant buffer of Dorn?
0
#Number of fisheries?
1
#Number of sexes?
1
#5year_Average_F(endyr-4,endyr_as_estimated_by_ADmodel)
0.0403697
#_Author_F_as_fraction_F_40%
1
#ABC SPR
0.4
#MSY SPR
0.35
#_Spawn_month
3
#_Number_of_ages
25
#_F_ratio(must_sum_to_one_only_one_fishery)
1
#_Natural_Mortality 4 5 6 7 8 9 10 11 12 13 14 15 16 17 18 19 20 21 22 23 24 25 26 27 28
 0.07 0.07 0.07 0.07 0.07 0.07 0.07 0.07 0.07 0.07 0.07 0.07 0.07 0.07 0.07 0.07 0.07 0.07 0.07 0.07 0.07 0.07 0.07 0.07 0.07
#_Maturity_divided_by_2(projection_program_uses_to_get_female_spawning_biomass_if_divide_by_2 4 5 6 7 8 9 10 11 12 13 14 15 16 17 18 19 20 21 22 23 24 25 26 27 28
 0.0150779 0.0287548 0.0541556 0.0996914 0.176375 0.292858 0.444731 0.607681 0.749723 0.852795 0.918058 0.955884 0.976692 0.987811 0.99366 0.996712 0.998297 0.999119 0.999544 0.999764 0.999878 0.999937 0.999967 0.999983 0.999991
#_Wt_at_age_spawners 4 5 6 7 8 9 10 11 12 13 14 15 16 17 18 19 20 21 22 23 24 25 26 27 28
 207.5 352 512.7 677.2 836.8 985.6 1120.7 1240.7 1345.7 1436.3 1513.8 1579.7 1635.2 1681.8 1720.8 1753.3 1780.3 1802.7 1821.3 1836.6 1849.3 1859.8 1868.4 1875.5 1895
#_Wt_at_age_fishery 4 5 6 7 8 9 10 11 12 13 14 15 16 17 18 19 20 21 22 23 24 25 26 27 28
 207.5 352 512.7 677.2 836.8 985.6 1120.7 1240.7 1345.7 1436.3 1513.8 1579.7 1635.2 1681.8 1720.8 1753.3 1780.3 1802.7 1821.3 1836.6 1849.3 1859.8 1868.4 1875.5 1895
#_Selectivity_fishery_scaled_to_max_at_one 4 5 6 7 8 9 10 11 12 13 14 15 16 17 18 19 20 21 22 23 24 25 26 27 28
 0.000570823 0.00189117 0.00624648 0.0204267 0.0647015 0.186656 0.432247 0.716366 0.893376 0.965273 0.989272 0.996742 0.999016 0.999703 0.99991 0.999973 0.999992 0.999998 0.999999 1 1 1 1 1 1
#_Numbers_at_age_end_year 4 5 6 7 8 9 10 11 12 13 14 15 16 17 18 19 20 21 22 23 24 25 26 27 28
 2.22312 1.94719 2.25373 2.23382 2.02902 1.77094 15.835 5.08732 6.66567 6.4558 3.21301 2.38759 1.87454 1.16104 0.994843 2.08258 1.8646 1.22877 2.50333 1.81614 0.313121 2.29231 1.01798 0.291411 5.25041
#_N_recruitment_years
38
#_Recruitment_start_at_1977_yearclass=1979_for_age_2_recruits 1979 1980 1981 1982 1983 1984 1985 1986 1987 1988 1989 1990 1991 1992 1993 1994 1995 1996 1997 1998 1999 2000 2001 2002 2003 2004 2005 2006 2007 2008 2009 2010 2011 2012 2013 2014 2015 2016
 2.13851 6.61337 4.80205 3.91193 1.68666 8.85772 1.86583 3.43946 2.13124 10.1476 5.98699 18.9293 12.8411 11.1072 2.92138 7.92385 5.69903 17.341 3.08215 9.53867 19.122 2.32783 12.0076 14.6961 6.41165 8.66455 8.62285 3.66456 3.80113 5.45781 6.18695 7.41705 13.3122 12.3423 8.53429 24.3577 2.52199 2.68761
#_Spawners per recruitment (starting at 1977)
 10.2667 9.72505 9.38141 9.08481 8.72725 8.41074 8.2395 8.20755 8.51226 9.30628 10.2999 11.3974 12.0615 12.5592 13.3522 14.1808 14.3119 14.9409 16.1732 17.9386 20.1653 22.2674 23.8165 24.4383 25.2482 26.3986 27.5122 28.8279 30.4119 32.1505 33.7086 34.6879 35.3143 35.8691 36.0138 36.0807 35.2046 34.6423 34.2706 34.3746
