#model_name
ai20_2
1    # SSLn species...
0    # Buffer of Dorn
1    # Number of fsheries
1    # Number of sexes
0.0208172  # averagei 5yr f                  
 1  # author f                  
 0.4  # ABC SPR        
 0.35 # MSY/OFL SPR    
# Spawnmo  
3
15 # Number of ages
# Fratio
 1
 0.340321 0.267395 0.267395 0.267395 0.267395 0.267395 0.267395 0.267395 0.267395 0.267395 0.267395 0.267395 0.267395 0.267395 0.145852 # Natural Mortality       
# Maturity
 0 0.001 0.021 0.269 0.565 0.813 0.899 0.959 0.984 0.99 1 1 1 1 1
# Wt spawn
 38.678 188.375 477.01 687.766 860.503 1017.51 1111.36 1247.21 1428.88 1532.43 1609.36 1690.61 1647.78 1562.09 1581.96
# Wt fsh
 179 256 371 558 859 1238 1540 1652 1650 1670 1748 1827 1840 1791 1740
# selectivity
 0.00852503 0.0209555 0.0542565 0.141791 0.308422 0.527629 0.74487 1 1 1 1 1 1 1 1
# natage
 0.19846 0.141201 0.0409621 0.0377214 0.0469629 0.0300755 0.0248786 0.0334077 0.0184475 0.00491685 0.00888287 0.00114114 0.00315291 0.00425978 0.00875788
#_N_recruitment_years (not including last 1 estimates)
41
#_Recruitment_start_at_1977_yearclass=1978_for_age_1_recruits 1978 1979 1980 1981 1982 1983 1984 1985 1986 1987 1988 1989 1990 1991 1992 1993 1994 1995 1996 1997 1998 1999 2000 2001 2002 2003 2004 2005 2006 2007 2008 2009 2010 2011 2012 2013 2014 2015 2016 2017 2018
 0.309563 3.03256 0.082488 0.110143 0.751151 0.283412 1.1307 0.219148 0.202769 0.44301 0.23192 0.11071 0.444631 0.0737836 0.117144 0.102253 0.244957 0.0518843 0.111229 0.0652869 0.0491041 0.0574288 0.14513 0.173155 0.0358491 0.0299612 0.0320027 0.0230557 0.0547883 0.164475 0.0915271 0.0249447 0.146371 0.0611934 0.173647 0.238087 0.13461 0.123852 0.14755 0.0905766 0.0752385
# SpawningBiomass
 201.884 214.328 217.039 205.529 285.287 358.932 388.123 360.762 347.15 364.551 358.741 339.753 311.009 249.519 200.192 174.258 148.321 119.964 92.3986 83.31 77.4137 70.9071 69.8149 68.1119 64.8759 64.0387 67.896 70.4815 67.7378 61.5039 55.5325 51.1799 51.3405 54.6507 56.1419 56.8908 57.8819 63.3878 72.5628 82.8319 89.6004
