#model_name
ai20
1    # SSLn species...
0    # Buffer of Dorn
1    # Number of fsheries
1    # Number of sexes
0.0207545  # averagei 5yr f                  
 1  # author f                  
 0.4  # ABC SPR        
 0.35 # MSY/OFL SPR    
# Spawnmo  
3
15 # Number of ages
# Fratio
 1
 0.209383 0.209383 0.209383 0.209383 0.209383 0.209383 0.209383 0.209383 0.209383 0.209383 0.209383 0.209383 0.209383 0.209383 0.209383 # Natural Mortality       
# Maturity
 0 0.001 0.021 0.269 0.565 0.813 0.899 0.959 0.984 0.99 1 1 1 1 1
# Wt spawn
 38.678 188.375 477.01 687.766 860.503 1017.51 1111.36 1247.21 1428.88 1532.43 1609.36 1690.61 1647.78 1562.09 1581.96
# Wt fsh
 179 256 371 558 859 1238 1540 1652 1650 1670 1748 1827 1840 1791 1740
# selectivity
 0.0130734 0.0304222 0.0745968 0.184773 0.380064 0.609296 0.796943 1 1 1 1 1 1 1 1
# natage
 0.10002 0.0811152 0.028216 0.0286345 0.0376885 0.025554 0.0223086 0.0319638 0.0188493 0.00531602 0.0100957 0.00135927 0.00390821 0.00560011 0.0082348
#_N_recruitment_years (not including last 1 estimates)
41
#_Recruitment_start_at_1977_yearclass=1978_for_age_1_recruits 1978 1979 1980 1981 1982 1983 1984 1985 1986 1987 1988 1989 1990 1991 1992 1993 1994 1995 1996 1997 1998 1999 2000 2001 2002 2003 2004 2005 2006 2007 2008 2009 2010 2011 2012 2013 2014 2015 2016 2017 2018
 0.172094 1.71146 0.0479835 0.0627644 0.411447 0.156366 0.604565 0.122645 0.113824 0.270077 0.140478 0.067542 0.270138 0.0449476 0.0702084 0.0607139 0.138664 0.0290909 0.0615909 0.0363619 0.0277608 0.0337605 0.0846564 0.101384 0.020718 0.0173757 0.018564 0.0134209 0.031853 0.0946306 0.052697 0.0146328 0.0867967 0.0365714 0.10394 0.141444 0.0793913 0.0732956 0.0873472 0.0537278 0.0429092
# SpawningBiomass
 161.198 174.463 179.495 168.931 226.571 285.435 316.278 301.17 295.384 312.537 310.548 298.5 280.351 226.308 183.105 160.974 137.071 110.967 85.6481 76.4056 70.5147 63.9539 63.7864 63.231 61.2465 60.7529 64.0551 66.6418 65.0494 60.3933 55.6789 51.7516 50.9811 52.9649 53.9709 54.365 55.1926 59.9112 67.6382 76.9838 84.033
