#Species name here:
Model_1_goa_re_2021.dat
#SSL Species?
0
#Constant buffer of Dorn?
0
#Number of fisheries?
1
#Number of sexes?
1
#5year_Average_F(endyr-4,endyr_as_estimated_by_ADmodel)
0.0273864
#_Author_F_as_fraction_F_40%
1
#ABC SPR
0.4
#MSY SPR
0.35
#_Spawn_month
6
#_Number_of_ages
50
#_F_ratio(must_sum_to_one_only_one_fishery)
1
#_Natural_Mortality 3 4 5 6 7 8 9 10 11 12 13 14 15 16 17 18 19 20 21 22 23 24 25 26 27 28 29 30 31 32 33 34 35 36 37 38 39 40 41 42 43 44 45 46 47 48 49 50 51 52
 0.0343587 0.0343587 0.0343587 0.0343587 0.0343587 0.0343587 0.0343587 0.0343587 0.0343587 0.0343587 0.0343587 0.0343587 0.0343587 0.0343587 0.0343587 0.0343587 0.0343587 0.0343587 0.0343587 0.0343587 0.0343587 0.0343587 0.0343587 0.0343587 0.0343587 0.0343587 0.0343587 0.0343587 0.0343587 0.0343587 0.0343587 0.0343587 0.0343587 0.0343587 0.0343587 0.0343587 0.0343587 0.0343587 0.0343587 0.0343587 0.0343587 0.0343587 0.0343587 0.0343587 0.0343587 0.0343587 0.0343587 0.0343587 0.0343587 0.0343587
#_Maturity_divided_by_2(projection_program_uses_to_get_female_spawning_biomass_if_divide_by_2 3 4 5 6 7 8 9 10 11 12 13 14 15 16 17 18 19 20 21 22 23 24 25 26 27 28 29 30 31 32 33 34 35 36 37 38 39 40 41 42 43 44 45 46 47 48 49 50 51 52
 0 0 0 0 0.001 0.002 0.004 0.01 0.023 0.045 0.083 0.139 0.215 0.306 0.404 0.501 0.588 0.663 0.724 0.773 0.812 0.843 0.917 0.917 0.917 0.917 0.917 0.917 0.917 0.917 0.917 0.917 0.917 0.917 0.917 0.917 0.917 0.917 0.917 0.917 0.917 0.917 0.917 0.917 0.917 0.917 0.917 0.917 0.917 0.917
#_Wt_at_age_spawners 3 4 5 6 7 8 9 10 11 12 13 14 15 16 17 18 19 20 21 22 23 24 25 26 27 28 29 30 31 32 33 34 35 36 37 38 39 40 41 42 43 44 45 46 47 48 49 50 51 52
 52.5771 98.9903 158.5 228.447 305.962 388.309 473.067 558.204 642.09 723.472 801.431 875.331 944.773 1009.55 1069.59 1124.95 1175.75 1222.2 1264.51 1302.95 1337.77 1369.25 1397.65 1423.22 1446.22 1466.87 1485.39 1501.99 1516.85 1530.15 1542.03 1552.64 1562.12 1570.57 1578.12 1584.84 1590.84 1596.18 1600.94 1605.18 1608.95 1612.31 1615.3 1617.96 1620.33 1622.43 1624.31 1625.98 1627.46 1634.05
#_Wt_at_age_fishery 3 4 5 6 7 8 9 10 11 12 13 14 15 16 17 18 19 20 21 22 23 24 25 26 27 28 29 30 31 32 33 34 35 36 37 38 39 40 41 42 43 44 45 46 47 48 49 50 51 52
 52.5771 98.9903 158.5 228.447 305.962 388.309 473.067 558.204 642.09 723.472 801.431 875.331 944.773 1009.55 1069.59 1124.95 1175.75 1222.2 1264.51 1302.95 1337.77 1369.25 1397.65 1423.22 1446.22 1466.87 1485.39 1501.99 1516.85 1530.15 1542.03 1552.64 1562.12 1570.57 1578.12 1584.84 1590.84 1596.18 1600.94 1605.18 1608.95 1612.31 1615.3 1617.96 1620.33 1622.43 1624.31 1625.98 1627.46 1634.05
#_Selectivity_fishery_scaled_to_max_at_one 3 4 5 6 7 8 9 10 11 12 13 14 15 16 17 18 19 20 21 22 23 24 25 26 27 28 29 30 31 32 33 34 35 36 37 38 39 40 41 42 43 44 45 46 47 48 49 50 51 52
 0.00042859 0.00116789 0.00316032 0.00830748 0.0202955 0.0436248 0.0772013 0.101116 0.102779 0.0969174 0.0967298 0.136535 0.300841 1 1 1 1 1 1 1 1 1 1 1 1 1 1 1 1 1 1 1 1 1 1 1 1 1 1 1 1 1 1 1 1 1 1 1 1 1
#_Numbers_at_age_end_year 3 4 5 6 7 8 9 10 11 12 13 14 15 16 17 18 19 20 21 22 23 24 25 26 27 28 29 30 31 32 33 34 35 36 37 38 39 40 41 42 43 44 45 46 47 48 49 50 51 52
 1.12775 1.04481 0.95312 0.86185 0.833505 0.73316 0.574746 0.586916 1.56994 0.962295 0.697856 0.513739 0.758811 0.577316 0.555547 0.540849 0.630168 0.662972 0.562579 0.337973 0.583664 0.435224 0.340134 0.486709 0.49749 0.285869 0.243201 0.246648 0.69478 0.19557 0.179851 0.164512 0.169634 0.187957 0.214161 0.231003 0.202616 0.332096 0.283302 0.145112 0.120275 0.133152 0.387466 0.133356 0.103059 0.0978931 0.0984183 0.0937072 0.100664 2.52493
#_N_recruitment_years
40
#_Recruitment_start_at_1977_yearclass=1979_for_age_2_recruits 1979 1980 1981 1982 1983 1984 1985 1986 1987 1988 1989 1990 1991 1992 1993 1994 1995 1996 1997 1998 1999 2000 2001 2002 2003 2004 2005 2006 2007 2008 2009 2010 2011 2012 2013 2014 2015 2016 2017 2018
 3.29241 1.05515 0.899184 1.02406 1.87729 2.06974 1.1893 1.27419 1.12096 0.930388 0.791972 0.730615 0.758544 0.785246 2.65799 0.897429 0.839306 0.936767 1.55369 1.44351 0.95407 1.15198 1.4564 0.790364 1.23915 1.37177 1.22863 0.986346 0.945222 0.927014 1.16868 0.761873 0.997318 1.32492 2.08168 0.749624 0.707754 0.871322 0.956619 0.95554
#_Spawners per recruitment (starting at 1977)
 15.202 14.773 14.6818 14.5443 14.1013 13.9044 13.7635 13.5963 13.3727 13.4091 13.314 13.1813 12.6209 11.8582 11.0414 11.025 10.7288 10.6465 10.5596 10.426 10.3564 10.29 10.1655 10.1714 10.1013 9.95051 9.92329 9.8465 9.82543 9.81353 9.76289 9.69231 9.64754 9.64998 9.59362 9.49624 9.38924 9.28251 9.13099 9.03088 8.88673 8.79437
