#runname
Choki                                        
#ssl_spp
0 
#Dorn_buffer
0 
#nfsh
2 
#nsex
1 
#avgF5yr
0.1000 
#F40_mult
1.0
#spr_abc
0.4
#spr_msy
0.35
#sp_mo                                   
8 
#nages
14  
#Frat
.1 .9
#M
0.35 0.35 0.35 0.35 0.35 0.35 0.35 0.35 0.35 0.35 0.35 0.35 0.35 0.35 
#pmat
0.004728414	0.038396556	0.185770929	0.487313767	0.753533923	0.888357983	0.945690486	0.970642084	0.98242159	0.988492074	0.991878063	0.993898692	0.995174525	0.996018584																	
#wtage_sp
0.025937992	0.210605803	0.369378713	0.497468481	0.610442769	0.70253018	1.043237473	1.362462931	1.689586206	1.898598576	2.119783796	2.22796583	2.435147397	2.676197611
#wtage_fsh
0.025937992	0.210605803	0.369378713	0.497468481	0.610442769	0.70253018	1.043237473	1.362462931	1.689586206	1.898598576	2.119783796	2.22796583	2.435147397	2.676197611
0.025937992	0.210605803	0.369378713	0.497468481	0.610442769	0.70253018	1.043237473	1.362462931	1.689586206	1.898598576	2.119783796	2.22796583	2.435147397	2.676197611
#sel
 0.0126059 0.117224 0.580041 0.934921 0.993352 0.999357 0.999938 0.999994 0.999999 1 1 1 1 1
 0.00663412 0.0657395 0.425744 0.88651 0.987996 0.998848 0.999891 0.99999 0.999999 1 1 1 1 1
#N
563.701 416.414 217.788 110.913 125.782 47.4118 57.154 14.7501 6.51281 5.35276 4.94048 3.74613 1.65522 2.1835
#nyrs
37                                                    
#R
3808.17	2645.99	2308.06	2522.65	2237.81	1880.07	2302.86	3286.29	4213.14	2853.79	5384.72	2253.77	1877.5	1923.27	958.047	869.391	1047.52	659.974	884.522	1095.47	991.706	843.132	784.671	925.712	642.226	726.275	506.873	300.482	203.538	267.387	634.711	333.339	571.375	331.525	441.99	591.354	563.701
#SSB                                                 
754.958	794.471	819.061	813.363	742.136	745.092	712.197	628.14	636.991	699.722	739.735	662.935	811.774	779.055	633.964	533.69	523.661	352.355	290.231	249.769	211.765	229.398	211.505	210.109	179.397	165.567	159.09	137.605	146.492	140.271	132.587	130.728	128.672	128.585	138.856	161.162	174.865
