#Species name here:
GOA_ATF
#SSL Species?
0
#Constant buffer of Dorn?
0
#Number of fisheries?
1
#Number of sexes?
2
#5year_Average_F(endyr-4,endyr_as_estimated_by_ADmodel)
0.0279263
#_Author_F_as_fraction_F_40%
1
#ABC SPR
0.4
#MSY SPR
0.35
#_Spawn_month
2
#_Number_of_ages
21
#_F_ratio(must_sum_to_one_only_one_fishery)
1
#_Natural_Mortality 1 2 3 4 5 6 7 8 9 10 11 12 13 14 15 16 17 18 19 20 21
 0.2 0.2 0.2 0.2 0.2 0.2 0.2 0.2 0.2 0.2 0.2 0.2 0.2 0.2 0.2 0.2 0.2 0.2 0.2 0.2 0.2
#_Natural_Mortality 1 2 3 4 5 6 7 8 9 10 11 12 13 14 15 16 17 18 19 20 21
 0.35 0.35 0.35 0.35 0.35 0.35 0.35 0.35 0.35 0.35 0.35 0.35 0.35 0.35 0.35 0.35 0.35 0.35 0.35 0.35 0.35
#_Maturity_divided_by_2(projection_program_uses_to_get_female_spawning_biomass_if_sdivide_by_2 1 2 3 4 5 6 7 8 9 10 11 12 13 14 15 16 17 18 19 20 21
 0 0.001 0.004 0.016 0.062 0.209 0.513 0.808 0.944 0.985 0.996 0.999 1 1 1 1 1 1 1 1 1
#_Maturity_Males
 0 0.001 0.004 0.016 0.062 0.209 0.513 0.808 0.944 0.985 0.996 0.999 1 1 1 1 1 1 1 1 1
#_Wt_at_age_spawners 1 2 3 4 5 6 7 8 9 10 11 12 13 14 15 16 17 18 19 20 21
 0.0615685 0.120383 0.201743 0.305137 0.429037 0.571272 0.729304 0.900441 1.08199 1.27136 1.46615 1.66413 1.86337 2.06212 2.25892 2.45251 2.64185 2.82609 3.00458 3.1768 3.72969
#_Wt_at_age_fishery1 female 1 2 3 4 5 6 7 8 9 10 11 12 13 14 15 16 17 18 19 20 21
 0.0615685 0.120383 0.201743 0.305137 0.429037 0.571272 0.729304 0.900441 1.08199 1.27136 1.46615 1.66413 1.86337 2.06212 2.25892 2.45251 2.64185 2.82609 3.00458 3.1768 3.72969
#_Wt_at_age_spawners1 male 1 2 3 4 5 6 7 8 9 10 11 12 13 14 15 16 17 18 19 20 21
 0.0424556 0.0982776 0.173798 0.262825 0.359179 0.45764 0.554226 0.646163 0.731696 0.809874 0.880339 0.943148 0.998632 1.04729 1.0897 1.1265 1.15828 1.18565 1.20915 1.22928 1.26598
#_Selectivity_fishery_scaled_to_max_at_one 1 2 3 4 5 6 7 8 9 10 11 12 13 14 15 16 17 18 19 20 21
 0.00458967 0.0122178 0.0316322 0.0755179 0.158244 0.288666 0.471054 0.697156 0.904605 1 0.995687 0.981264 0.96303 0.943617 0.924839 0.907379 0.891685 0.877652 0.865337 0.865337 0.865337
#_Selectivity_fishery_scaled_to_max_at_one 1 2 3 4 5 6 7 8 9 10 11 12 13 14 15 16 17 18 19 20 21
 0.00672983 0.0166593 0.0405855 0.0942245 0.200157 0.374341 0.599803 0.816442 0.956565 1 0.986708 0.956838 0.921631 0.885563 0.851124 0.81996 0.793287 0.772169 0.758435 0.758435 0.758435
#_Numbers_at_age_end_year 1 2 3 4 5 6 7 8 9 10 11 12 13 14 15 16 17 18 19 20 21
 218000 274429 188694 238342 142786 106344 75126.2 68249.7 66940.5 52680.1 35149.1 21857.8 17822.6 19035.3 15893.2 17354 14848.7 11723.3 8976.02 7883.65 36956.9
 218000 236187 139757 151895 78271.7 50104.3 30378.4 23650.3 19882.9 13440.6 7716.11 4129.84 2899.18 2666.57 1918.64 1807.51 1334.28 908.567 600.316 454.971 1258.16
#_N_recruitment_years
38
#_Recruitment_start_at_1977_yearclass=1979_for_age_2_recruits
 582420 641294 691228 636377 546061 527673 596935 813742 1.18742e+006 1.15262e+006 1.10425e+006 1.12474e+006 1.05527e+006 905194 964108 930370 743926 734373 787373 765886 930621 1.2036e+006 1.30313e+006 1.6563e+006 1.0816e+006 972889 888224 929771 943977 883212 646418 618376 462040 451673 578286 689424 698451 571099 507485
#_Spawners per recruitment (starting at 1977)
 724860 718291 711867 704909 696755 689392 686996 687252 693367 700724 704607 703325 707227 728190 765076 807847 849487 890076 920516 945287 958265 969222 973447 966484 950339 941897 943549 956312 1.00036e+006 1.05013e+006 1.08424e+006 1.09952e+006 1.09564e+006 1.08759e+006 1.07631e+006 1.05299e+006 1.02716e+006 988811 929268 883013 842156 805638
