Dover
 0 # SSL Species???
 0 # Constant Buffer Dorn?
 1 # Number of fisheries
 2 # Number of Sexes
0.002302974 # Average 5 year F
1 # Author f
0.4 # SPR ABC
0.35 # SPR MSY
1 # Spawning month
57 # number of ages
1 # Fratio
# natural mortality
0.112724 0.112724 0.112724 0.112724 0.112724 0.112724 0.112724 0.112724 0.112724 0.112724 0.112724 0.112724 0.112724 0.112724 0.112724 0.112724 0.112724 0.112724 0.112724 0.112724 0.112724 0.112724 0.112724 0.112724 0.112724 0.112724 0.112724 0.112724 0.112724 0.112724 0.112724 0.112724 0.112724 0.112724 0.112724 0.112724 0.112724 0.112724 0.112724 0.112724 0.112724 0.112724 0.112724 0.112724 0.112724
0.112724 0.112724 0.112724 0.112724 0.112724 0.112724 0.112724 0.112724 0.112724 0.112724 0.112724 0.112724
0.118793 0.118793 0.118793 0.118793 0.118793 0.118793 0.118793 0.118793 0.118793 0.118793 0.118793 0.118793 0.118793 0.118793 0.118793 0.118793 0.118793 0.118793 0.118793 0.118793 0.118793 0.118793 0.118793 0.118793 0.118793 0.118793 0.118793 0.118793 0.118793 0.118793 0.118793 0.118793 0.118793 0.118793 0.118793 0.118793 0.118793 0.118793 0.118793 0.118793 0.118793 0.118793 0.118793 0.118793 0.118793
0.118793 0.118793 0.118793 0.118793 0.118793 0.118793 0.118793 0.118793 0.118793 0.118793 0.118793 0.118793
# Maturity females
0.0311 0.0442 0.0623 0.0872 0.1207 0.1648 0.221 0.2897 0.3697 0.4575 0.548 0.6354 0.7147 0.7827 0.8381 0.8816 0.9145 0.939 0.9567 0.9695 0.9786 0.985 0.9895 0.9927 0.9949 0.9964 0.9975 0.9983 0.9988 0.9992 0.9994 0.9996 0.9997 0.9998 0.9999 0.9999 0.9999 1 1 1 1 1 1 1 1
1 1 1 1 1 1 1 1 1 1 1 1
# Maturity males
0.0311 0.0442 0.0623 0.0872 0.1207 0.1648 0.221 0.2897 0.3697 0.4575 0.548 0.6354 0.7147 0.7827 0.8381 0.8816 0.9145 0.939 0.9567 0.9695 0.9786 0.985 0.9895 0.9927 0.9949 0.9964 0.9975 0.9983 0.9988 0.9992 0.9994 0.9996 0.9997 0.9998 0.9999 0.9999 0.9999 1 1 1 1 1 1 1 1
1 1 1 1 1 1 1 1 1 1 1 1
# wt spawn females
0.138 0.2231 0.3196 0.4218 0.525 0.6257 0.7214 0.8106 0.8924 0.9664 1.0327 1.0917 1.1437 1.1894 1.2293 1.264 1.2942 1.3202 1.3427 1.3621 1.3787 1.393 1.4053 1.4158 1.4248 1.4325 1.4391 1.4448 1.4495 1.4537 1.4572 1.4602 1.4627 1.4649 1.4667 1.4683 1.4697 1.4708 1.4718 1.4726 1.4734 1.474 1.4745 1.4749 1.4753
1.4756 1.4759 1.4761 1.4763 1.4765 1.4766 1.4768 1.4769 1.477 1.477 1.4771 1.4772
# WtAge females by fishery
0.3635 0.4724 0.5694 0.6566 0.7367 0.8116 0.882 0.9481 1.0098 1.0668 1.1188 1.1659 1.2081 1.2456 1.2787 1.3078 1.3332 1.3553 1.3745 1.391 1.4053 1.4177 1.4282 1.4373 1.4451 1.4518 1.4575 1.4624 1.4666 1.4702 1.4732 1.4758 1.478 1.4799 1.4815 1.4829 1.4841 1.4851 1.486 1.4867 1.4873 1.4878 1.4883 1.4887 1.489
1.4893 1.4895 1.4897 1.4899 1.4901 1.4902 1.4903 1.4904 1.4905 1.4905 1.4906 1.4906
# WtAge males by fishery
0.4177 0.4697 0.5155 0.5576 0.5969 0.6335 0.6674 0.6981 0.7257 0.75 0.7712 0.7894 0.8049 0.8181 0.8292 0.8385 0.8463 0.8527 0.8581 0.8625 0.8662 0.8693 0.8718 0.8738 0.8755 0.8769 0.8781 0.8791 0.8798 0.8805 0.881 0.8814 0.8818 0.8821 0.8823 0.8825 0.8827 0.8828 0.8829 0.883 0.8831 0.8832 0.8832 0.8833 0.8833
0.8833 0.8833 0.8834 0.8834 0.8834 0.8834 0.8834 0.8834 0.8834 0.8834 0.8834 0.8834
# Selectivity females by fishery
0.0193 0.0788 0.19 0.3324 0.4761 0.6012 0.7006 0.7755 0.8302 0.8697 0.8982 0.9188 0.9338 0.9449 0.9533 0.9596 0.9644 0.9682 0.9711 0.9734 0.9753 0.9768 0.9781 0.9791 0.9799 0.9806 0.9811 0.9816 0.982 0.9823 0.9826 0.9829 0.9831 0.9832 0.9834 0.9835 0.9836 0.9837 0.9837 0.9838 0.9839 0.9839 0.9839 0.984 0.984
0.984 0.984 0.9841 0.9841 0.9841 0.9841 0.9841 0.9841 0.9841 0.9841 0.9841 0.9841
# Selectivity males by fishery
0.0576 0.1646 0.3108 0.4615 0.5924 0.6952 0.7715 0.8263 0.8653 0.893 0.9128 0.9271 0.9376 0.9454 0.9512 0.9557 0.9592 0.9618 0.9639 0.9656 0.9669 0.968 0.9688 0.9695 0.9701 0.9705 0.9709 0.9712 0.9714 0.9716 0.9718 0.9719 0.972 0.9721 0.9722 0.9722 0.9723 0.9723 0.9724 0.9724 0.9724 0.9724 0.9724 0.9725 0.9725
0.9725 0.9725 0.9725 0.9725 0.9725 0.9725 0.9725 0.9725 0.9725 0.9725 0.9725 0.9725
# Numbers at age in 2019 females males
7380.38 9234.05 4243.63 2777 3162.97 4393.67 2944.76 1639.72 1352.85 1140.89 1110.68 1258.78 1901.77 1171.49 992.497 859.853 1214.54 1936.45 935.145 767.229 642.662 598.893 548.206 602.842 412.314 659.398 294.939 281.163 337.894 378.493 294.679 238.08 265.07 310.176 312.415 285.372 261.884 271.17 366.139 158.837 147.453 136.961 127.258 118.287 110.015
102.402 95.3949 88.9326 82.9577 77.4201 72.2769 67.4927 63.0369 58.8836 55.0096 51.3946 733.369
7247.2 9011.83 4115.62 2725.55 3141.5 4416.03 2995.32 1688.03 1409.48 1202.84 1184.91 1358.87 2077.73 1295.55 1111.14 974.416 1392.77 2246.84 1097.78 911.188 771.679 726.562 671.273 745.03 514.692 831.958 375.734 360.935 436.207 492.18 387.446 317.762 360.103 429.358 440.57 409.619 382.157 401.812 550.367 242.028 227.647 214.157 201.533 189.754 178.804
168.628 159.153 150.303 142.011 134.223 126.893 119.985 113.468 107.316 101.504 96.0127 1683.94
# No Recruitments
42
# Recruitment 1978 to 2019 for RecAge=3
9626 9625.9 9625.9 20577.3 14108.7 12580.1 12606.6 12624.8 11391.8 8785.9 7076.7 7823.6 8977.1 7192.9 5408.6 5159.1 10527.9 6023.2 8077.5 6759.2 6817.8 6773.6 7499.8 8487 16328.4 9521.6 6270.5 6734.4 7396.5 11173.8 6884.4 5656.7 5413.8 5983.9 6763.1 11329 15771.6 10037.3 7794.4 10539.9 20486.1 14627.6
# SSB 1978-2019
48488.9 48158.2 47950.7 47754.3 47621 47518.6 47502.2 47631.7 47866.1 48186.3 48575.5 48650.4 48619.2 48290.2 44946.7 42217.1 40014.6 39143.2 38644.7 37925.8 36533.8 35672.4 34757.7 34358.9 34043.4 33848 33546.4 33395.1 33404.8 33501.2 33692.9 33835 34056.3 34263.4 34509.9 34816.9 35115.8 33783.7 32492.8 31215.8 30022.6 28923.1
