#Species name here:
Model_1_nr_2021.dat
#SSL Species?
0
#Constant buffer of Dorn?
0
#Number of fisheries?
1
#Number of sexes?
1
#5year_Average_F(endyr-4,endyr_as_estimated_by_ADmodel)
0.0237325
#_Author_F_as_fraction_F_40%
1
#ABC SPR
0.4
#MSY SPR
0.35
#_Spawn_month
5
#_Number_of_ages
50
#_F_ratio(must_sum_to_one_only_one_fishery)
1
#_Natural_Mortality 2 3 4 5 6 7 8 9 10 11 12 13 14 15 16 17 18 19 20 21 22 23 24 25 26 27 28 29 30 31 32 33 34 35 36 37 38 39 40 41 42 43 44 45 46 47 48 49 50 51
 0.0589122 0.0589122 0.0589122 0.0589122 0.0589122 0.0589122 0.0589122 0.0589122 0.0589122 0.0589122 0.0589122 0.0589122 0.0589122 0.0589122 0.0589122 0.0589122 0.0589122 0.0589122 0.0589122 0.0589122 0.0589122 0.0589122 0.0589122 0.0589122 0.0589122 0.0589122 0.0589122 0.0589122 0.0589122 0.0589122 0.0589122 0.0589122 0.0589122 0.0589122 0.0589122 0.0589122 0.0589122 0.0589122 0.0589122 0.0589122 0.0589122 0.0589122 0.0589122 0.0589122 0.0589122 0.0589122 0.0589122 0.0589122 0.0589122 0.0589122
#_Maturity_divided_by_2(projection_program_uses_to_get_female_spawning_biomass_if_divide_by_2 2 3 4 5 6 7 8 9 10 11 12 13 14 15 16 17 18 19 20 21 22 23 24 25 26 27 28 29 30 31 32 33 34 35 36 37 38 39 40 41 42 43 44 45 46 47 48 49 50 51
 0.0037307 0.00711441 0.0135255 0.025565 0.0478021 0.0876418 0.155271 0.260203 0.402277 0.562901 0.711334 0.825029 0.900225 0.945249 0.970619 0.984427 0.9918 0.995698 0.997747 0.998821 0.999384 0.999678 0.999832 0.999912 0.999954 0.999976 0.999987 0.999993 0.999997 0.999998 0.999999 1 1 1 1 1 1 1 1 1 1 1 1 1 1 1 1 1 1 1
#_Wt_at_age_spawners 2 3 4 5 6 7 8 9 10 11 12 13 14 15 16 17 18 19 20 21 22 23 24 25 26 27 28 29 30 31 32 33 34 35 36 37 38 39 40 41 42 43 44 45 46 47 48 49 50 51
 27.7 73.8 138.4 215.1 297.6 380.9 461.4 536.8 605.8 667.7 722.5 770.6 812.3 848.3 879.1 905.4 927.8 946.8 962.8 976.3 987.7 997.3 1005.3 1012.1 1017.7 1022.5 1026.4 1029.8 1032.5 1034.9 1036.8 1038.4 1039.8 1040.9 1041.9 1042.7 1043.3 1043.9 1044.3 1044.7 1045 1045.3 1045.5 1045.7 1045.9 1046 1046.1 1046.2 1046.3 1046.5
#_Wt_at_age_fishery 2 3 4 5 6 7 8 9 10 11 12 13 14 15 16 17 18 19 20 21 22 23 24 25 26 27 28 29 30 31 32 33 34 35 36 37 38 39 40 41 42 43 44 45 46 47 48 49 50 51
 27.7 73.8 138.4 215.1 297.6 380.9 461.4 536.8 605.8 667.7 722.5 770.6 812.3 848.3 879.1 905.4 927.8 946.8 962.8 976.3 987.7 997.3 1005.3 1012.1 1017.7 1022.5 1026.4 1029.8 1032.5 1034.9 1036.8 1038.4 1039.8 1040.9 1041.9 1042.7 1043.3 1043.9 1044.3 1044.7 1045 1045.3 1045.5 1045.7 1045.9 1046 1046.1 1046.2 1046.3 1046.5
#_Selectivity_fishery_scaled_to_max_at_one 2 3 4 5 6 7 8 9 10 11 12 13 14 15 16 17 18 19 20 21 22 23 24 25 26 27 28 29 30 31 32 33 34 35 36 37 38 39 40 41 42 43 44 45 46 47 48 49 50 51
 5.63774e-05 0.000279501 0.00138446 0.00682781 0.0329666 0.144603 0.45601 0.806081 0.953731 0.990311 0.998031 0.999602 0.99992 0.999984 0.999997 0.999999 1 1 1 1 1 1 1 1 1 1 1 1 1 1 1 1 1 1 1 1 1 1 1 1 1 1 1 1 1 1 1 1 1 1
#_Numbers_at_age_end_year 2 3 4 5 6 7 8 9 10 11 12 13 14 15 16 17 18 19 20 21 22 23 24 25 26 27 28 29 30 31 32 33 34 35 36 37 38 39 40 41 42 43 44 45 46 47 48 49 50 51
 10.6118 10.0047 8.61583 7.85573 6.25396 6.28147 4.48422 3.51457 2.63277 2.96998 2.70046 3.22256 2.89342 1.95017 1.87257 1.05466 0.941183 1.81185 3.5597 2.69658 3.34327 7.87388 4.19978 3.41826 5.23664 7.25223 1.20369 1.53158 1.48776 2.03728 0.897674 1.9719 1.5745 1.04268 2.0632 3.72839 1.02528 2.28381 1.39203 1.12809 0.614278 0.772479 1.62884 1.90199 1.03626 0.377087 0.589098 0.306704 0.44339 3.1348
#_N_recruitment_years
41
#_Recruitment_start_at_1977_yearclass=1979_for_age_2_recruits 1979 1980 1981 1982 1983 1984 1985 1986 1987 1988 1989 1990 1991 1992 1993 1994 1995 1996 1997 1998 1999 2000 2001 2002 2003 2004 2005 2006 2007 2008 2009 2010 2011 2012 2013 2014 2015 2016 2017 2018 2019
 45.636 20.3114 15.1621 26.08 30.0468 45.8143 18.9501 62.8961 31.7042 14.6214 20.1921 23.2438 9.76914 20.4736 13.7658 13.0443 9.45436 52.496 34.8127 20.8218 23.4428 40.2932 15.7028 11.6413 14.1332 6.61529 3.15624 3.23614 5.23896 4.97259 6.73377 6.86623 5.29214 5.36378 4.37851 5.39716 6.41623 8.44211 7.91757 9.37479 9.69329
#_Spawners per recruitment (starting at 1977)
 19.502 21.7119 24.5748 27.9515 31.6077 35.0558 37.4119 39.9034 43.7671 48.4324 53.4113 58.2539 62.4624 66.0796 69.4189 71.5813 72.4494 74.5147 75.7995 76.61 77.6726 78.1974 78.0829 76.4856 75.6428 74.9407 74.4732 73.707 73.6645 74.0371 74.224 74.503 74.3887 73.6897 72.2922 70.4058 67.1575 63.5821 60.0719 56.6655 53.5585 51.3084 48.9008
