Rougheye
0 # SSL Species???
0 # Constant buffer of Dorn
1 # Number of fsheries
1 # Number of sexes??
#  0.0261738 #  average 5 yr f 
#  0.0297296   #   average F, 2022 and 2023
# 0.0401244      # 2023 Fofl,  start value
# 0.028858427   #  2023 Fofl,  second iteration
  0.031     # 2024 Fofl, start value
# 0.0305124     #  2024 Fofl,  second iteration
1 # author f
0.4 # ABC SPR
0.35 # MSY SPR
3 # Spawnmo
43 # Number of ages
1 # Fratio
 # Natural mortality 
 0.0500307 0.0500307 0.0500307 0.0500307 0.0500307 0.0500307 0.0500307 0.0500307 0.0500307 0.0500307 0.0500307 0.0500307 0.0500307 0.0500307 0.0500307 0.0500307 0.0500307 0.0500307 0.0500307 0.0500307 0.0500307 0.0500307 0.0500307 0.0500307 0.0500307 0.0500307 0.0500307 0.0500307 0.0500307 0.0500307 0.0500307 0.0500307 0.0500307 0.0500307 0.0500307 0.0500307 0.0500307 0.0500307 0.0500307 0.0500307 0.0500307 0.0500307 0.0500307
 # Maturity 
 0.00340888 0.0044329 0.00576277 0.00748858 0.00972618 0.0126239 0.0163706 0.0212055 0.0274284 0.0354115 0.0456091 0.0585651 0.0749125 0.0953608 0.120663 0.151553 0.188655 0.232353 0.282646 0.339018 0.400358 0.464989 0.530817 0.59559 0.657196 0.713924 0.764628 0.808752 0.846267 0.877538 0.903175 0.923911 0.940499 0.953652 0.964008 0.972118 0.978442 0.983356 0.987164 0.99011 0.992385 0.99414 0.998196
 # Wt Spawn 
 55 81 112 147 188 232 280 331 384 440 497 556 615 675 735 795 854 913 970 1027 1082 1137 1189 1240 1290 1338 1384 1429 1472 1513 1553 1591 1627 1662 1695 1727 1757 1786 1814 1840 1865 1888 2006.7
 # Wt Fish 
 55 81 112 147 188 232 280 331 384 440 497 556 615 675 735 795 854 913 970 1027 1082 1137 1189 1240 1290 1338 1384 1429 1472 1513 1553 1591 1627 1662 1695 1727 1757 1786 1814 1840 1865 1888 2006.7
 # selectivity 
 0.000742953 0.00147408 0.00292258 0.0057862 0.0114235 0.0224293 0.0435709 0.0829494 0.152252 0.262859 0.414529 0.584339 0.736236 0.847145 0.916695 0.956234 0.977468 0.988524 0.994187 0.997064 0.998519 0.999254 0.999624 0.999811 0.999905 0.999952 0.999976 0.999988 0.999994 0.999997 0.999998 0.999999 1 1 1 1 1 1 1 1 1 1 1
 # natage 
 1.90469 1.8117 1.72321 1.48394 1.63 1.71119 1.65994 1.59983 1.32949 13.4142 1.05629 1.1426 1.22072 1.18872 0.931879 0.82203 0.933938 1.26836 0.821616 0.749373 0.705759 0.714874 0.449897 0.329574 0.251513 0.187913 0.14503 0.11613 0.0962753 0.0833661 0.0759574 0.0723329 0.0718631 0.0730712 0.0751903 0.0781308 0.0809843 0.0818001 0.0759746 0.0667667 0.0573137 0.0503982 0.792156
 # Nrec 
35
 # rec 
 1.15837 1.14404 1.16416 1.21007 1.22741 1.17776 1.0395 0.895728 0.773063 0.677399 0.603982 0.554082 0.533258 0.539249 0.576319 0.645214 0.748979 0.902494 1.1235 1.36938 1.73894 2.57075 2.36166 2.3346 2.38527 3.43462 2.35989 1.93733 2.04665 2.43209 2.32951 2.04021 1.77262 21.2472 1.99402
 # ssb 
 4974.15 4968.42 4359.62 3715.78 3652.69 3626.45 3707.87 3827.03 3957.91 4098.91 4239.95 4368.17 4481.53 4444.2 4153.67 4180.48 3932.34 3747.46 3617.6 3551.1 3351.38 3128.31 3023.8 2959.06 2903.16 2781.58 2741.76 2727.58 2714.87 2725.5 2702.99 2691.78 2677.38 2661.55 2649.74
