#Species name here:
Model_1_goa_dr_2022.dat
#SSL Species?
0
#Constant buffer of Dorn?
0
#Number of fisheries?
1
#Number of sexes?
1
#5year_Average_F(endyr-4,endyr_as_estimated_by_ADmodel)
0.0305845
#_Author_F_as_fraction_F_40%
1
#ABC SPR
0.4
#MSY SPR
0.35
#_Spawn_month
3
#_Number_of_ages
30
#_F_ratio(must_sum_to_one_only_one_fishery)
1
#_Natural_Mortality 4 5 6 7 8 9 10 11 12 13 14 15 16 17 18 19 20 21 22 23 24 25 26 27 28 29 30 31 32 33
 0.07 0.07 0.07 0.07 0.07 0.07 0.07 0.07 0.07 0.07 0.07 0.07 0.07 0.07 0.07 0.07 0.07 0.07 0.07 0.07 0.07 0.07 0.07 0.07 0.07 0.07 0.07 0.07 0.07 0.07
#_Maturity_divided_by_2(projection_program_uses_to_get_female_spawning_biomass_if_divide_by_2 4 5 6 7 8 9 10 11 12 13 14 15 16 17 18 19 20 21 22 23 24 25 26 27 28 29 30 31 32 33
 0.0150779 0.0287548 0.0541556 0.0996914 0.176375 0.292858 0.444731 0.607681 0.749723 0.852795 0.918058 0.955884 0.976692 0.987811 0.99366 0.996712 0.998297 0.999119 0.999544 0.999764 0.999878 0.999937 0.999967 0.999983 0.999991 0.999995 0.999998 0.999999 0.999999 1
#_Wt_at_age_spawners 4 5 6 7 8 9 10 11 12 13 14 15 16 17 18 19 20 21 22 23 24 25 26 27 28 29 30 31 32 33
 204.2 343.9 499.6 660.1 817.1 965.1 1101 1223.2 1331.4 1426.1 1508.2 1578.7 1639 1690.3 1733.7 1770.3 1801.2 1827.1 1848.9 1867.1 1882.3 1895 1905.6 1914.5 1921.9 1928 1933.2 1937.4 1941 1951.2
#_Wt_at_age_fishery 4 5 6 7 8 9 10 11 12 13 14 15 16 17 18 19 20 21 22 23 24 25 26 27 28 29 30 31 32 33
 204.2 343.9 499.6 660.1 817.1 965.1 1101 1223.2 1331.4 1426.1 1508.2 1578.7 1639 1690.3 1733.7 1770.3 1801.2 1827.1 1848.9 1867.1 1882.3 1895 1905.6 1914.5 1921.9 1928 1933.2 1937.4 1941 1951.2
#_Selectivity_fishery_scaled_to_max_at_one 4 5 6 7 8 9 10 11 12 13 14 15 16 17 18 19 20 21 22 23 24 25 26 27 28 29 30 31 32 33
 0.000636402 0.00207073 0.00671607 0.0215573 0.0669831 0.189584 0.43255 0.712962 0.890033 0.963468 0.988497 0.996442 0.998905 0.999664 0.999897 0.999968 0.99999 0.999997 0.999999 1 1 1 1 1 1 1 1 1 1 1
#_Numbers_at_age_end_year 4 5 6 7 8 9 10 11 12 13 14 15 16 17 18 19 20 21 22 23 24 25 26 27 28 29 30 31 32 33
 2.70255 2.20973 2.20927 1.9375 4.76676 2.05127 4.68471 1.68034 12.4563 4.89847 5.47343 5.83571 3.5172 2.44549 1.80338 1.42643 1.06058 2.13198 2.00898 1.19303 2.4189 1.71223 0.31003 2.21629 0.973363 0.282976 1.36229 0.401711 0.471538 2.73034
#_N_recruitment_years
40
#_Recruitment_start_at_1977_yearclass=1979_for_age_2_recruits 1979 1980 1981 1982 1983 1984 1985 1986 1987 1988 1989 1990 1991 1992 1993 1994 1995 1996 1997 1998 1999 2000 2001 2002 2003 2004 2005 2006 2007 2008 2009 2010 2011 2012 2013 2014 2015 2016 2017 2018
 2.19439 5.312 6.0424 6.74244 3.87145 5.37539 3.46307 3.23891 2.2446 9.62829 6.1669 18.9663 13.1732 11.4349 3.10271 8.28369 6.15424 18.3142 3.35793 10.2573 20.8415 2.60576 12.8452 16.1807 7.12456 10.7325 10.1977 4.53834 5.45887 6.17837 7.50827 9.68629 14.4415 12.2031 9.87105 22.7781 2.80414 7.19364 2.91974 6.31311
#_Spawners per recruitment (starting at 1977)
 11.7523 11.2382 10.919 10.6339 10.2648 9.90682 9.66679 9.54698 9.81625 10.5934 11.6447 12.8763 13.7616 14.4742 15.2486 15.9654 15.946 16.4381 17.533 19.1931 21.379 23.4906 25.0926 25.7344 26.642 27.9408 29.2284 30.7495 32.528 34.5345 36.3935 37.7142 38.7149 39.6752 40.2423 40.7135 40.2298 40.0223 39.9692 40.3485 40.8721 42.0508
