#rn
Model_1_goa_pop_2023
#SSL_spp
0
#Dorn_buffer
0
#nfsh
1
#nsex
1
#avgF5yr
0.0638806
#F40_mult
1
#ABC_SPR
0.4
#MSY_SPR
0.35
#_Spawn_month
5
#nages
28
#Frat
1
#M
 0.0743449 0.0743449 0.0743449 0.0743449 0.0743449 0.0743449 0.0743449 0.0743449 0.0743449 0.0743449 0.0743449 0.0743449 0.0743449 0.0743449 0.0743449 0.0743449 0.0743449 0.0743449 0.0743449 0.0743449 0.0743449 0.0743449 0.0743449 0.0743449 0.0743449 0.0743449 0.0743449 0.0743449
#pmat
 0.00657105 0.0127563 0.0246193 0.0469894 0.0878553 0.158356 0.268761 0.417919 0.583771 0.732603 0.842568 0.9127 0.953321 0.975547 0.987331 0.993474 0.996649 0.998282 0.99912 0.999549 0.999769 0.999882 0.999939 0.999969 0.999984 0.999992 0.999996 0.999998
#wtage_sp
 44.3 98.3 166.7 242.5 320 395 464.9 528.2 584.5 633.8 676.3 712.7 743.6 769.7 791.7 810 825.4 838.1 848.7 857.5 864.7 870.8 875.7 879.8 883.2 886 888.3 894.6
#wtage_fsh
 44.3 98.3 166.7 242.5 320 395 464.9 528.2 584.5 633.8 676.3 712.7 743.6 769.7 791.7 810 825.4 838.1 848.7 857.5 864.7 870.8 875.7 879.8 883.2 886 888.3 894.6
#sel
 0.00110273 0.0111739 0.039475 0.0905904 0.164128 0.256062 0.360328 0.470166 0.5791 0.681546 0.773126 0.850754 0.912584 0.957859 0.986719 1 0.999035 0.985479 0.961163 0.927971 0.887749 0.842237 0.793029 0.741538 0.688992 0.636425 0.58469 0.534467
#N
 85.7337 79.7081 63.8633 62.6012 95.3565 132.109 40.2101 65.6907 62.5312 81.7272 27.8491 66.4512 26.4813 63.7873 35.8078 43.6522 17.674 22.0051 11.7027 26.41 15.9085 26.7197 15.2748 22.4843 10.03 7.14919 10.7589 55.4261
#nyrs
43
#R
 44.0091 38.8238 40.2978 51.4019 52.3964 56.1225 81.451 122.93 112.579 174.935 136.352 110.139 56.2979 66.6493 66.5999 78.3504 62.4547 148.484 157.656 94.3233 119.183 240.915 147.761 233.444 125.397 187.335 74.4358 125.045 89.4461 196.271 142.782 225.349 82.8897 184.512 68.7672 180.151 123.656 117.212 65.1375 195.481 129.606 78.5175 74.1636
#SSB
 39.8331 35.6615 36.4944 37.0039 36.256 35.4754 36.891 39.6987 42.9601 47.3847 51.5249 54.9289 57.0051 58.4149 60.5134 66.8924 75.3817 87.5576 101.325 113.945 124.314 132.042 137.775 141.246 144.34 147.719 152.123 158.742 166.805 176.684 187.219 199.111 211.678 223.326 232.136 239.425 244.614 249.645 252.799 256.097 257.897 258.994 258.829 257.285 254.993
